20
8
Александр
Прощенков
19-ПРИ
6
5
5
4
4
4
5
5
5
5
5
5
5
6
4
4
4
4
4
4
6
5
5
4
4
4
5
5
5
5
5
5
5
6
4
4
4
4
4
4
6
5
5
4
4
4
5
5
5
5
5
5
5
6
8
Алексей
Прощенков
19-ПРИ
6
5
5
4
4
4
5
5
5
5
5
5
5
6
4
4
4
4
4
4
6
5
5
4
4
4
5
5
5
5
5
5
5
6
4
4
4
4
4
4
6
5
5
4
4
4
5
5
5
5
5
5
5
6
8
Андрей
Прощенков
19-ПРИ
6
5
5
4
4
4
5
5
5
5
5
5
5
6
4
4
4
4
4
4
6
5
5
4
4
4
5
5
5
5
5
5
5
6
4
4
4
4
4
4
6
5
5
4
4
4
5
5
5
5
5
5
5
6
8
Артем
Прощенков
19-ПРИ
6
5
5
4
4
4
5
5
5
5
5
5
5
6
4
4
4
4
4
4
6
5
5
4
4
4
5
5
5
5
5
5
5
6
4
4
4
4
4
4
6
5
5
4
4
4
5
5
5
5
5
5
5
6
8
Семен
Прощенков
19-ПРИ
6
5
5
4
4
4
5
5
5
5
5
5
5
6
4
4
4
4
4
4
6
5
5
4
4
4
5
5
5
5
5
5
5
6
4
4
4
4
4
4
6
5
5
4
4
4
5
5
5
5
5
5
5
6
8
Николай
Прощенков
19-ПРИ
6
5
5
4
4
4
5
5
5
5
5
5
5
6
4
4
4
4
4
4
6
5
5
4
4
4
5
5
5
5
5
5
5
6
4
4
4
4
4
4
6
5
5
4
4
4
5
5
5
5
5
5
5
6
8
Даниил
Прощенков
19-ПРИ
6
5
5
4
4
4
5
5
5
5
5
5
5
6
4
4
4
4
4
4
6
5
5
4
4
4
5
5
5
5
5
5
5
6
4
4
4
4
4
4
6
5
5
4
4
4
5
5
5
5
5
5
5
6
8
Иван
Прощенков
19-ПРИ
6
5
5
4
4
4
5
5
5
5
5
5
5
6
4
4
4
4
4
4
6
5
5
4
4
4
5
5
5
5
5
5
5
6
4
4
4
4
4
4
6
5
5
4
4
4
5
5
5
5
5
5
5
6
8
Максим
Прощенков
19-ПРИ
6
5
5
4
4
4
5
5
5
5
5
5
5
6
4
4
4
4
4
4
6
5
5
4
4
4
5
5
5
5
5
5
5
6
4
4
4
4
4
4
6
5
5
4
4
4
5
5
5
5
5
5
5
6
8
Армен
Прощенков
19-ПРИ
6
5
5
4
4
4
5
5
5
5
5
5
5
6
4
4
4
4
4
4
6
5
5
4
4
4
5
5
5
5
5
5
5
6
4
4
4
4
4
4
6
5
5
4
4
4
5
5
5
5
5
5
5
6
8
Валентин
Прощенков
19-ПРИ
6
5
5
4
4
4
5
5
5
5
5
5
5
6
4
4
4
4
4
4
6
5
5
4
4
4
5
5
5
5
5
5
5
6
4
4
4
4
4
4
6
5
5
4
4
4
5
5
5
5
5
5
5
6
8
Валерий
Прощенков
19-ПРИ
6
5
5
4
4
4
5
5
5
5
5
5
5
6
4
4
4
4
4
4
6
5
5
4
4
4
5
5
5
5
5
5
5
6
4
4
4
4
4
4
6
5
5
4
4
4
5
5
5
5
5
5
5
6
8
Виктор
Прощенков
19-ПРИ
6
5
5
4
4
4
5
5
5
5
5
5
5
6
4
4
4
4
4
4
6
5
5
4
4
4
5
5
5
5
5
5
5
6
4
4
4
4
4
4
6
5
5
4
4
4
5
5
5
5
5
5
5
6
8
Геннадий
Прощенков
19-ПРИ
6
5
5
4
4
4
5
5
5
5
5
5
5
6
4
4
4
4
4
4
6
5
5
4
4
4
5
5
5
5
5
5
5
6
4
4
4
4
4
4
6
5
5
4
4
4
5
5
5
5
5
5
5
6
8
Егор
Прощенков
19-ПРИ
6
5
5
4
4
4
5
5
5
5
5
5
5
6
4
4
4
4
4
4
6
5
5
4
4
4
5
5
5
5
5
5
5
6
4
4
4
4
4
4
6
5
5
4
4
4
5
5
5
5
5
5
5
6
8
Заур
Прощенков
19-ПРИ
6
5
5
4
4
4
5
5
5
5
5
5
5
6
4
4
4
4
4
4
6
5
5
4
4
4
5
5
5
5
5
5
5
6
4
4
4
4
4
4
6
5
5
4
4
4
5
5
5
5
5
5
5
6
8
Захар
Прощенков
19-ПРИ
6
5
5
4
4
4
5
5
5
5
5
5
5
6
4
4
4
4
4
4
6
5
5
4
4
4
5
5
5
5
5
5
5
6
4
4
4
4
4
4
6
5
5
4
4
4
5
5
5
5
5
5
5
6
8
Игнат
Прощенков
19-ПРИ
6
5
5
4
4
4
5
5
5
5
5
5
5
6
4
4
4
4
4
4
6
5
5
4
4
4
5
5
5
5
5
5
5
6
4
4
4
4
4
4
6
5
5
4
4
4
5
5
5
5
5
5
5
6
8
Камиль
Прощенков
19-ПРИ
6
5
5
4
4
4
5
5
5
5
5
5
5
6
4
4
4
4
4
4
6
5
5
4
4
4
5
5
5
5
5
5
5
6
4
4
4
4
4
4
6
5
5
4
4
4
5
5
5
5
5
5
5
6
8
Лев
Прощенков
19-ПРИ
6
5
5
4
4
4
5
5
5
5
5
5
5
6
4
4
4
4
4
4
6
5
5
4
4
4
5
5
5
5
5
5
5
6
4
4
4
4
4
4
6
5
5
4
4
4
5
5
5
5
5
5
5
6